0.2,0,0,0.2496271,0.09185465
0.2,2,0,0.2565105,0.814608
0.5,2,0,0.4698948,0.7354493
0.5,0,0,0.4784991,0.007533468
0.5,0,0,0.4939866,0.002370911
0.5,2,0,0.4939866,0.7320076
0.5,2,0.2,0.6127247,0.7767495
0.5,0,0.2,0.609283,0.04539195
0,2,0,0.005267648,0.9299043
0,2,0.2,0.1326099,0.9901338
0.5,2,0.2,0.609283,0.7887954
0.5,2,0,0.4802199,0.7371702
0,1.95,0,0.001825967,0.8817208
0,2,0,0.003546807,0.9367878
0.2,2,0,0.2530688,0.7991204
0.2,1.7,0,0.2461854,0.6545697
0,1.95,0.2,0.4957075,0.6975908
0,2,0.2,0.4974283,0.7354493
0,2,0,0.6127247,0.7784703
0,1.95,0,0.609283,0.7457743
0.2,0,0.2,0.4853824,0.005812581
0.2,1.7,0.2,0.4853824,0.5564818
0.2,1.7,0,0.609283,0.5599235
0.2,0,0,0.609283,0.04539195
0.2,1.7,0.2,0.4853824,0.5444359
0,1.95,0.2,0.4750574,0.7337284
0,1.95,0,0.609283,0.7801911
0.2,1.7,0,0.6041204,0.6270363
0.2,0,0.2,0.4819407,0.005812581
0.2,2,0.2,0.4802199,0.738891
0.5,2,0.2,0.2461854,0.8197705
0.5,0,0.2,0.2530688,0.09357554
0,1.95,0.2,0.005267648,0.8920459
0,2,0.2,0.00698849,0.9367878
0.2,2,0.2,0.2461854,0.8300956
0.2,1.7,0.2,0.2479063,0.6167112
---
0,1,2,0,2,3,4,5,6,4,6,7,8,9,10,8,10,11,12,13,14,12,14,15,16,17,18,16,18,19,20,21,22,20,22,23,24,25,26,24,26,27,30,29,28,31,30,28,34,33,32,35,34,32