0,0,0,0.2565105,0.09185465
0,2,0,0.2582313,0.8851625
0.5,2,0,0.7108126,0.8713957
0.5,0,0,0.7073709,0.09357554
0.5,0,0,0.2582313,0.08841299
0.5,2,0,0.261673,0.8920459
0.5,2,0.5,0.717696,0.8731166
0.5,0,0.5,0.7108126,0.09529632
0.5,0,0.5,0.261673,0.09013387
0.5,2,0.5,0.261673,0.8645124
0,2,0.5,0.7004876,0.8559082
0,0,0.5,0.6936042,0.08669209
0,0,0,0.7073709,0.09013387
0,2,0,0.7022084,0.8610707
0,2,0.5,0.2771606,0.8645124
0,0,0.5,0.2702772,0.09013387
0,2,0,0.2702772,0.9144167
0,2,0.5,0.3408317,0.9763671
0.5,2,0.5,0.6247706,0.9832505
0.5,2,0,0.6781167,0.890325
---
0,1,2,0,2,3,4,5,6,4,6,7,8,9,10,8,10,11,14,13,12,15,14,12,16,17,18,16,18,19