0,0,0,0.01134188,0.2188317
0,2,0,0.008408633,0.9839915
0,2,0,0.008408633,0.9826746
1,0,0,0.5041284,0.005482499
0,0,1,0.008408633,0.2227826
0,2,0,0.01134188,0.9787236
0,2,0,0.01134188,0.9800406
1,0,1,0.4888241,0.009254253
1,0,0,0.5060325,0.007533468
0,2,0,0.008408633,0.9839915
0,2,0,0.01134188,0.9813576
1,0,1,0.9939814,0.2280505
0,0,0,0.5043117,0.005812581
0,2,0,0.008408633,0.9853085
0,2,0,0.008408633,0.9813576
0,0,1,0.008408633,0.2201487
---
0,1,2,0,2,3,6,5,4,7,6,4,8,9,10,8,10,11,14,13,12,15,14,12