0.66,0,0,0.4953285,0.01032878
0.66,0.5,0,0.4982617,0.4329472
1,0.5,0,0.3515992,0.5240505
1,0,0,0.3398661,0.1368612
0.33,0,0,0.3398661,0.1368612
0.33,0.3,0,0.3398661,0.3899262
0.66,0.3,0,0.1726708,0.5113972
0.66,0,0,0.1609377,0.2912308
0,0,0,0.1609377,0.2912308
0,0.15,0,0.1697376,0.4430698
0.33,0.15,0,0.005475391,0.5594797
0.33,0,0,0.01134188,0.4177634
0.66,0.3,0.33,0.4982617,0.2912308
0.66,0.5,0.33,0.5041284,0.4278859
1,0.5,0.33,0.3545324,0.52152
1,0.3,0.33,0.3398661,0.4051101
0.33,0.15,0.66,0.3457327,0.1343306
0.33,0.3,0.66,0.3486659,0.3140067
1,0.3,0.66,0.002542149,0.5468264
1,0.15,0.66,0.002542149,0.4228246
0,0,1,0.501195,0.007798139
0,0.15,1,0.4835956,0.1545758
1,0.15,1,0.005475391,0.5493571
1,0,1,0,0.4202939
1,0,0.33,0.501195,0.01285949
1,0.5,0.33,0.4923952,0.4304165
1,0.5,0,0.6507908,0.4860909
1,0,0,0.6654571,0.1469839
0,0,0,0.501195,0.01539013
0,0.15,0,0.4835956,0.1672291
0,0.15,1,0.9910481,0.5594797
0,0,1,0.9910481,0.4228246
0.33,0.15,0,0.4953285,0.01539013
0.33,0.3,0,0.4865288,0.1444532
0.33,0.3,0.66,0.8297194,0.4025794
0.33,0.15,0.66,0.8355858,0.2912308
0.66,0.3,0,0.5041284,0.01285949
0.66,0.5,0,0.5099949,0.1545758
0.66,0.5,0.33,0.9969146,0.5417651
0.66,0.3,0.33,0.9910481,0.4456005
0,0.15,0,0.01427512,0.5620102
0,0.15,1,0.501195,0.9770367
0.33,0.15,1,0.6009256,0.9011172
0.33,0.15,0,0.1198723,0.4886214
0.33,0.3,0,0.1697376,0.52152
0.33,0.3,0.66,0.4953285,0.7973606
0.66,0.3,0.66,0.5979923,0.7113185
0.66,0.3,0,0.2606683,0.4329472
0.66,0.5,0,0.3721319,0.5240505
0.66,0.5,0.33,0.501195,0.6328685
1,0.5,0.33,0.6449243,0.5012747
1,0.5,0,0.5041284,0.4253552
1,0,0.33,0.1580045,0.2861695
1,0.3,0.33,0.1697376,0.5189893
1,0.3,0.66,0.3339996,0.3899262
1,0,0.66,0.3164002,0.1545758
1,0,0.66,0.002542149,0.4253552
1,0.15,0.66,0.002542149,0.5468264
1,0.15,1,0.1609377,0.463315
1,0,1,0.152138,0.3038841
0.66,0.3,0.33,0.1785373,0.5164586
0.66,0.3,0.66,0.3809317,0.6910734
1,0.3,0.66,0.4806623,0.6227459
1,0.3,0.33,0.2665349,0.4329472
0.33,0.15,0.66,0.002542149,0.5544184
0.33,0.15,1,0.3721319,0.8783414
1,0.15,1,0.4953285,0.7897688
1,0.15,0.66,0.128672,0.4658456
---
0,1,2,0,2,3,4,5,6,4,6,7,8,9,10,8,10,11,14,13,12,15,14,12,18,17,16,19,18,16,22,21,20,23,22,20,26,25,24,27,26,24,30,29,28,31,30,28,34,33,32,35,34,32,38,37,36,39,38,36,40,41,42,40,42,43,44,45,46,44,46,47,48,49,50,48,50,51,52,53,54,52,54,55,56,57,58,56,58,59,60,61,62,60,62,63,64,65,66,64,66,67