0,0,0,0.001200069,0.3362021
0,0.15,0,0.007200675,0.4397817
1,0.15,0,0.4992499,0.1127951
1,0,0,0.4992499,0.01530844
0,0.15,0,0.005475391,0.4354759
0,0.15,0.33,0.1668043,0.5426975
1,0.15,0.33,0.6478577,0.2269893
1,0.15,0,0.4982617,0.1197676
0,0.15,0.33,0.1692169,0.5413303
0,0.3,0.33,0.1692169,0.6469408
1,0.3,0.33,0.6642664,0.3240162
1,0.15,0.33,0.6582659,0.2143437
0,0.3,0.33,0.163871,0.6538903
0,0.3,0.66,0.340234,0.7627062
1,0.3,0.66,0.8142815,0.4336887
1,0.3,0.33,0.6702671,0.3219852
0,0.3,0.66,0.3432342,0.7566133
0,0.5,0.66,0.3492348,0.8764406
1,0.5,0.66,0.8232824,0.5392994
1,0.3,0.66,0.8262827,0.4357196
0,0.5,0.66,0.3457327,0.8802471
0,0.5,1,0.4953285,0.9795265
1,0.5,1,0.988115,0.6538903
1,0.5,0.66,0.8238527,0.5506398
0,0,0.33,0.4992499,0.007184542
0,0.15,0.33,0.5052506,0.1148261
0,0.15,0,0.6612661,0.192003
0,0,0,0.6702671,0.12295
0,0,0.66,0.6702671,0.12295
0,0.3,0.66,0.6702671,0.3199543
0,0.3,0.33,0.8232824,0.4275958
0,0,0.33,0.8292829,0.2305915
0,0,1,0.8292829,0.2305915
0,0.5,1,0.8292829,0.5453922
0,0.5,0.66,0.9912992,0.6510028
0,0,0.66,0.9942995,0.340264
0,0,1,0.5082508,0.120919
0,0.5,1,0.820282,0.5494542
1,0.5,1,0.4062405,0.8378522
1,0,1,0.1092108,0.3890073
1,0,0,0.5022501,0.01124643
1,0.15,0,0.5142514,0.1148261
1,0.15,0.33,0.6642664,0.1980959
1,0,0.33,0.6762676,0.1290429
1,0,0.33,0.6762676,0.1270119
1,0.3,0.33,0.6642664,0.3179233
1,0.3,0.66,0.8262827,0.4235339
1,0,0.66,0.8292829,0.2285605
1,0,0.66,0.8292829,0.2285605
1,0.5,0.66,0.8292829,0.5453922
1,0.5,1,0.9882988,0.6510028
1,0,1,0.9942995,0.3341711
---
0,1,2,0,2,3,4,5,6,4,6,7,8,9,10,8,10,11,12,13,14,12,14,15,16,17,18,16,18,19,20,21,22,20,22,23,24,25,26,24,26,27,28,29,30,28,30,31,32,33,34,32,34,35,38,37,36,39,38,36,40,41,42,40,42,43,44,45,46,44,46,47,48,49,50,48,50,51