0.66,0,0,0.3339996,0.1545758
0.66,0.5,0,0.3486659,0.5392344
1,0.5,0,0.501195,0.3899262
1,0,0,0.4953285,0.01032878
0.33,0,0,0.175604,0.2811083
0.33,0.3,0,0.1932036,0.52152
0.66,0.3,0,0.3398661,0.3924568
0.66,0,0,0.3310664,0.1520452
0,0,0,0.005475391,0.4202939
0,0.15,0,0.002542149,0.5594797
0.33,0.15,0,0.1814705,0.4000488
0.33,0,0,0.1814705,0.2811083
0.66,0,1,0.3193334,0.1621677
0.66,0.5,1,0.3545324,0.52152
1,0.5,1,0.4982617,0.3873955
1,0,1,0.4953285,0.01032878
0.33,0,1,0.1844038,0.2811083
0.33,0.3,1,0.1932036,0.5316426
0.66,0.3,1,0.3457327,0.3848649
0.66,0,1,0.3339996,0.1495145
0,0,1,0.002542149,0.4228246
0,0.15,1,0.002542149,0.5493571
0.33,0.15,1,0.1902703,0.3949875
0.33,0,1,0.1814705,0.2811083
1,0,1,0.501195,0.01285949
1,0.5,1,0.5041284,0.3772729
1,0.5,0,0.9939814,0.8125446
1,0,0,0.9939814,0.4278859
0,0,0,0.501195,0.01539013
0,0.15,0,0.5070615,0.1495145
0,0.15,1,0.9910481,0.5594797
0,0,1,0.9910481,0.4228246
0.33,0.15,0,0.4953285,0.01539013
0.33,0.3,0,0.5099949,0.1469839
0.33,0.3,1,0.9939814,0.5316426
0.33,0.15,1,0.9939814,0.4202939
0.66,0.3,0,0.5041284,0.01285949
0.66,0.5,0,0.5099949,0.1545758
0.66,0.5,1,0.9969146,0.5696022
0.66,0.3,1,0.9969146,0.4253552
0,0.15,0,0.01427512,0.5620102
0,0.15,1,0.4835956,0.9669142
0.33,0.15,1,0.5774595,0.8960559
0.33,0.15,0,0.1198723,0.4886214
0.33,0.3,0,0.1726708,0.5468264
0.33,0.3,1,0.6683905,0.9416076
0.66,0.3,1,0.7446549,0.8884641
0.66,0.3,0,0.2782679,0.463315
0.66,0.5,0,0.3603989,0.5316426
0.66,0.5,1,0.8531853,0.9517303
1,0.5,1,0.988115,0.8251979
1,0.5,0,0.5041284,0.455723
---
0,1,2,0,2,3,4,5,6,4,6,7,8,9,10,8,10,11,14,13,12,15,14,12,18,17,16,19,18,16,22,21,20,23,22,20,26,25,24,27,26,24,30,29,28,31,30,28,34,33,32,35,34,32,38,37,36,39,38,36,40,41,42,40,42,43,44,45,46,44,46,47,48,49,50,48,50,51