0,0,0,0.005267648,0.4687189
0,1,0,0.003546807,0.8817208
1,1,0,0.4784991,0.4532313
1,0,0,0.4750574,0.04367106
1,0,0,0.511195,0.01785848
1,1,0,0.4957075,0.4549522
1,1,1,0.9913097,0.9126959
1,0,1,0.9930306,0.456673
0,1,0,0.01043017,0.9023709
0,1,0.1,0.05345121,0.9419502
1,1,0.1,0.5301242,0.499694
1,1,0,0.4819407,0.466998
1,1,0.1,0.5387285,0.499694
0.9,1,0.1,0.5060325,0.5495985
0.9,1,1,0.9637762,0.9729254
1,1,1,1,0.9299043
0.9,0,0.1,0.5060325,0.01957937
0.9,1,0.1,0.5077534,0.4515105
0.9,1,1,0.9964723,0.9195793
0.9,0,1,1,0.4480688
0,0,0.1,0.003546807,0.4618355
0,1,0.1,0.005267648,0.8799999
0.9,1,0.1,0.4750574,0.4497896
0.9,0,0.1,0.4819407,0.03678772
0,0,0,0.4871033,0.02990438
0,1,0,0.4784991,0.4515105
0,1,0.1,0.533566,0.489369
0,0,0.1,0.5370076,0.03334605
0.9,0,1,0.5318452,0.03162516
0.9,1,1,0.5266826,0.4756023
1,1,1,0.4784991,0.4532313
1,0,1,0.4871033,0.02990438
---
0,1,2,0,2,3,4,5,6,4,6,7,8,9,10,8,10,11,12,13,14,12,14,15,18,17,16,19,18,16,22,21,20,23,22,20,26,25,24,27,26,24,30,29,28,31,30,28