0,0,0,0.002542149,0.2230059
0,2,0,0.005475391,0.9572045
1,2,0,0.4953285,0.7538692
1,0,0,0.4982617,0.009930016
1,0,0,0.511195,0.01785848
1,2,0,0.4982617,0.7489989
1,2,1,0.9939814,0.949899
1,0,1,0.9910481,0.2242234
0,2,0,0.005475391,0.9620748
0,2,0.1,0.03187466,0.9876439
1,2,0.1,0.5745264,0.7782207
1,2,0,0.4982617,0.7563043
1,2,0.1,0.5686598,0.7830911
0.9,2,0.1,0.5158613,0.8086601
0.9,2,1,0.9617157,0.9803384
1,2,1,0.9939814,0.958422
0.9,0,0.1,0.501195,0.01845306
0.9,2,0.1,0.5070615,0.7489989
0.9,2,1,0.9969146,0.9486815
0.9,0,1,0.9939814,0.2230059
0,0,0.1,0,0.2266587
0,2,0.1,0.002542149,0.9559869
0.9,2,0.1,0.4982617,0.7502165
0.9,0,0.1,0.4923952,0.01236516
0,0,0,0.501195,0.008712481
0,2,0,0.501195,0.751434
0,2,0.1,0.6185251,0.7940493
0,0,0.1,0.6273249,0.05254522
0.9,0,1,0.4982617,0.009930016
0.9,2,1,0.5070615,0.7465637
1,2,1,0.3985311,0.7879614
1,0,1,0.3926646,0.04158704
---
0,1,2,0,2,3,4,5,6,4,6,7,8,9,10,8,10,11,12,13,14,12,14,15,18,17,16,19,18,16,22,21,20,23,22,20,26,25,24,27,26,24,30,29,28,31,30,28