1.66,0,0,0.4953285,0.01032878
1.66,1,0,0.5041284,0.4506617
2,1,0,0.3486659,0.5392344
2,0,0,0.3398661,0.1368612
1.33,0,0,0.3398661,0.1368612
1.33,0.66,0,0.3398661,0.3899262
1.66,0.66,0,0.163871,0.5417651
1.66,0,0,0.1609377,0.2912308
1,0,0,0.1609377,0.2912308
1,0.33,0,0.1697376,0.4430698
1.33,0.33,0,0.005475391,0.5594797
1.33,0,0,0.01134188,0.4177634
1.66,0,1,0.4953285,0.01032878
1.66,1,1,0.4953285,0.4405392
2,1,1,0.3515992,0.5468264
2,0,1,0.3457327,0.1343306
1.33,0,1,0.3457327,0.1343306
1.33,0.66,1,0.3398661,0.3873955
1.66,0.66,1,0.1726708,0.5341731
1.66,0,1,0.163871,0.2937615
1,0,1,0.163871,0.2937615
1,0.33,1,0.1609377,0.4380085
1.33,0.33,1,0.002542149,0.5594797
1.33,0,1,0.005475391,0.4152326
2,0,1,0.501195,0.01285949
2,1,1,0.5070615,0.4456005
2,1,0,0.988115,0.837851
2,0,0,0.9939814,0.4278859
1,0,0,0.501195,0.01539013
1,0.33,0,0.5070615,0.1495145
1,0.33,1,0.9910481,0.5594797
1,0,1,0.9910481,0.4228246
1.33,0.33,0,0.4953285,0.01539013
1.33,0.66,0,0.5099949,0.1469839
1.33,0.66,1,0.9939814,0.5316426
1.33,0.33,1,0.9939814,0.4202939
1.66,0.66,0,0.5041284,0.01285949
1.66,1,0,0.5099949,0.1545758
1.66,1,1,0.9969146,0.5696022
1.66,0.66,1,0.9969146,0.4253552
1,0.33,0,0.01427512,0.5620102
1,0.33,1,0.4835956,0.9669142
1.33,0.33,1,0.5774595,0.8960559
1.33,0.33,0,0.1198723,0.4886214
1.33,0.66,0,0.1726708,0.5468264
1.33,0.66,1,0.6537241,0.9567916
1.66,0.66,1,0.7446549,0.8884641
1.66,0.66,0,0.2782679,0.463315
1.66,1,0,0.3545324,0.5442958
1.66,1,1,0.838519,0.9593222
2,1,1,0.988115,0.8353204
2,1,0,0.5041284,0.455723
---
0,1,2,0,2,3,4,5,6,4,6,7,8,9,10,8,10,11,14,13,12,15,14,12,18,17,16,19,18,16,22,21,20,23,22,20,26,25,24,27,26,24,30,29,28,31,30,28,34,33,32,35,34,32,38,37,36,39,38,36,40,41,42,40,42,43,44,45,46,44,46,47,48,49,50,48,50,51