0,0,1,0.9939814,0.4278859
0,0.33,1,0.9910481,0.5645409
1,0.33,1,0.5070615,0.1773516
1,0,1,0.4982617,0.01792078
0,0.33,0.66,0.9793152,0.5670717
0,0.33,1,0.8913175,0.4911521
1,0.33,1,0.4190639,0.8985866
1,0.33,0.66,0.5099949,0.9745061
0,0.33,0.66,0.9969146,0.4253552
0,0.66,0.66,0.988115,0.5594797
1,0.66,0.66,0.4835956,0.1646984
1,0.33,0.66,0.501195,0.005267499
0,0.66,0.33,0.8209196,0.5442958
0,0.66,0.66,0.7241221,0.4734376
1,0.66,0.66,0.2489354,0.8960559
1,0.66,0.33,0.3369329,0.9517303
0,0.66,0.33,0.988115,0.5594797
0,1,0.33,0.9939814,0.4253552
1,1,0.33,0.5070615,0.01032878
1,0.66,0.33,0.501195,0.1621677
0,1,0,0.1580045,0.9567916
0,1,0.33,0.01720845,0.8302591
1,1,0.33,0.4982617,0.4430698
1,1,0,0.6390579,0.5316426
0,0,1,0.9939814,0.4253552
0,0.33,1,0.9851816,0.5620102
0,0.33,0.66,0.8414524,0.448131
0,0,0.66,0.8531853,0.3038841
0,0,0.66,0.8297194,0.2962922
0,0.66,0.66,0.826786,0.5316426
0,0.66,0.33,0.6507908,0.4000488
0,0,0.33,0.6683905,0.1495145
0,0,0.33,0.6683905,0.1495145
0,1,0.33,0.6419912,0.5392344
0,1,0,0.501195,0.4380085
0,0,0,0.4953285,0.01539013
0,0,0,0.4923952,0.01032878
0,1,0,0.4923952,0.4456005
1,1,0,0.01134188,0.8302591
1,0,0,0.008408633,0.4202939
1,0,0.66,0.9969146,0.4228246
1,0.33,0.66,0.988115,0.556949
1,0.33,1,0.8443855,0.4380085
1,0,1,0.8443855,0.3038841
1,0,0.33,0.8443855,0.3038841
1,0.66,0.33,0.8297194,0.5417651
1,0.66,0.66,0.662524,0.3949875
1,0,0.66,0.6654571,0.1469839
1,0,0,0.6654571,0.1469839
1,1,0,0.6419912,0.5417651
1,1,0.33,0.5070615,0.4329472
1,0,0.33,0.4953285,0.01792078
---
2,1,0,3,2,0,4,5,6,4,6,7,10,9,8,11,10,8,12,13,14,12,14,15,18,17,16,19,18,16,20,21,22,20,22,23,24,25,26,24,26,27,28,29,30,28,30,31,32,33,34,32,34,35,36,37,38,36,38,39,40,41,42,40,42,43,44,45,46,44,46,47,48,49,50,48,50,51